47.1986 -0.6694 83.964
47.201 12.8824 50.4718
46.5452 0.730782 156.894
47.201 -12.8824 169.73
46.3953 -6.25849 135.149
42.6102 -5.078 142.972
38.1787 -3.71949 151.479
42.0157 2.7555 153.504
43.266 -1.29292 141.96
37.0766 -1.00336 143.678
20.1715 1.38661 152.191
5.72446 -5.8931 142.888
5.2903 -4.1382 141.276
12.7704 0.55358 143.653
8.12695 0.009369 142.686
5.08737 4.25352 141.182
5.43402 6.043 142.794
5.08737 4.25352 154.908
3.96847 0.029574 156.091
2.16415 -10.9515 155.384
2.70555 -8.06485 141.188
-3.52335 27.5373 148.068
2.07992 8.56326 140.92
2.90703 4.11695 139.047
43.2379 5.74528 152.168
44.5777 -1.38661 154.786
46.8356 -6.58641 151.526
12.1984 -3.83192 144.452
6.4365 -5.54645 153.549
2.32351 8.37588 155.039
6.19291 5.66824 153.671
7.53364 5.64632 150.948
12.3671 0.346653 152.5
12.4889 3.78507 151.797
2.89502 -7.94491 154.842
1.62084 0.009369 165.13
-11.6457 23.8816 119.962
-53.5907 34.1687 107.585
-27.5636 45.4677 131.532
-45.3741 50.6207 132.891
-50.3022 53.4127 148.05
-78.3998 45.4677 148.05
-87.0848 28.0976 121.329
-58.9778 45.4677 121.329
-63.1939 50.6207 138.681
-76.0856 41.7295 166.788
-89.8018 34.1687 157.419
-23.8441 34.1687 178.846
-53.5907 34.1687 188.515
-27.5636 45.4677 164.567
-58.9778 45.4677 174.77
-8.57263 -9.84682 117.732
-50.3022 0 94.5997
-88.9493 -23.8816 176.129
-95.7699 -28.0976 148.05
-101.878 -9.84682 148.05
-50.0492 -18.2321 197.884
-66.2388 -9.84682 197.106
-78.7391 -17.6187 189.196
-2.82007 -18.2321 163.209
-7.90743 8.37588 178.846
-18.8785 0 191.288
-18.8785 0 104.812
-81.7164 0 104.812
-88.9493 -23.8816 119.962
-101.129 0 164.567
-79.3835 18.2321 188.515
-81.7164 0 191.288
-65.0583 23.8816 193.49
-36.2487 28.0976 191.288
-20.7992 18.2321 188.215
-2.97934 18.2321 163.687
-2.97934 18.2321 132.404
1.62084 0.009369 130.97
-22.1952 -45.4677 148.05
-13.5195 -28.0976 121.329
-37.401 -50.6207 138.681
-64.3463 -28.0976 104.812
-76.7508 -34.1687 117.245
-73.0313 -45.4677 131.532
-87.7688 -34.1687 132.404
-64.3463 -28.0976 191.288
-35.5366 -23.8816 193.49
-13.5195 -28.0976 174.77
-24.5093 -41.7295 166.788
-10.6357 -34.7567 142.524
-11.0408 -34.337 157.93
-41.6171 -45.4677 174.77
65.5658 -37.4744 20.2877
65.3394 12.8824 50.4718
47.201 28.5848 31.7338
-46.845 37.476 1.5
65.583 -37.476 1.5
34.328 37.476 20.238
-46.845 -37.476 1.5
47.201 7.1462 31.7338
65.5673 37.4618 20.2835
47.201 -28.5848 31.7338
65.3394 -12.8824 169.73
65.3394 -12.8824 50.4718
46.3885 6.45991 132.688
43.9558 5.01175 142.838
1.90555 10.0277 147.697
-1.15239 -23.3569 148.05
0.459472 13.4799 156.82
1.0633 12.3484 140.2
3.96721 0.023152 139.998
44.5777 -6.73631 149.427
35.997 3.29194 151.896
10.7369 3.99119 144.499
12.517 -3.38221 152.172
14.3244 -4.25901 149.156
-12.8355 34.1687 163.687
-36.2487 28.0976 104.812
-98.0747 23.8816 148.05
-76.0856 41.7295 129.312
-45.3741 50.6207 163.209
-2.94128 -18.0161 132.182
-79.7958 -18.2321 107.876
-50.0492 -18.2321 98.2162
-97.9996 -17.9481 133.199
-50.3022 0 201.5
-21.2114 -18.2321 188.515
-65.0583 23.8816 102.61
-92.0317 9.84682 117.732
-97.6841 17.9314 132.186
-87.0848 28.0976 174.77
-92.0317 9.84682 178.368
-34.3561 9.84682 197.106
-29.1844 -34.1687 113.375
-35.5366 -23.8816 102.61
-47.0043 -34.1687 107.585
-41.6171 -45.4677 121.329
-55.2302 -50.6207 132.891
-87.7688 -34.1687 163.687
-66.2388 -50.6207 148.05
-47.4609 -34.2918 188.484
-73.0313 -45.4677 164.567
-50.3022 -53.4127 148.05
-29.1844 -34.1687 182.725
47.201 12.8824 169.73
47.201 -12.8824 50.4718
41.9544 -2.67953 142.606
36.9227 -3.64423 144.413
4.93746 -6.93306 146.663
37.6622 3.59922 144.463
20.1715 4.15047 146.663
12.2265 4.52523 148.415
8.1196 0.008612 153.406
-34.3655 50.6207 148.05
-71.4199 34.1687 182.725
-11.6457 23.8816 176.129
-66.5416 -8.1795 98.7386
-66.4918 8.37588 98.2162
-101.129 0 131.532
-34.3561 9.84682 98.9938
-92.6875 -8.37588 178.846
-34.1032 -8.37588 197.884
-24.5093 -41.7295 129.312
-60.149 -41.7295 178.368
65.583 37.476 1.5
-46.845 37.476 20.238
65.3394 12.8824 169.73
34.328 -37.476 20.238
-46.845 -37.476 20.238
-35.4816 -49.6757 158.813
-55.966 -49.6737 165.47
-76.4223 -34.3404 178.956
-79.2194 -43.8297 148.05
-62.2216 -40.9807 117.404
-6.14845 9.79487 120.283
-50.3253 17.8606 198.048
-97.7749 18.2321 163.209
-92.8008 -7.61048 117.163
-80.0236 17.9327 107.888
-73.5694 31.2218 112.031
-33.9539 -7.1833 98.0797
-48.2324 17.1476 98.0097
-22.5543 17.1484 106.346
-6.91631 -11.3002 175.422
-66.3377 7.74132 198.098
-102.847 7.56202 148.092
-98.2371 -17.4979 162.454
1.7413 -11.1864 139.452
-20.3805 -17.6852 107.93
-39.7279 41.2883 178.858
-63.3821 50.5536 157.555
-89.3355 34.6138 138.241
-23.8441 34.1687 117.245
-41.3632 43.8315 120.554
-17.3015 40.6709 151.266
-13.1723 34.7671 132.936
3.01037 4.19525 156.73
3.33295 -3.81917 156.579
5.59392 -4.58744 154.591
7.75904 -5.54656 150.821
34.9512 -4.22668 146.826
24.959 -3.45716 151.498
34.6052 4.19764 149.186
43.9219 -5.078 153.118
41.9554 -5.44591 145.37
44.5756 6.74013 146.702
3.02345 -4.4455 138.878
2.60458 -9.42735 147.671
4.54396 7.12981 146.663
36.4884 -0.03426 152.437
46.4103 7.1482 151.728
9.369 0 1.5
9.3688 -37.476 1.5
65.583 3.23823 1.5
11.068 37.476 1.5
-46.845 -5.58929 1.5
-46.845 0 10.869
-6.25849 0 20.238
-46.845 7.5877 20.238
-8.4272 37.476 20.238
34.328 -2.97334 20.238
-9.40752 -37.476 20.238
56.2702 0 169.73
65.3394 -12.8824 116.3
65.3394 12.8824 114.589
47.201 -12.8824 113.131
47.201 12.8824 115.266
65.5665 -5.58513 20.2859
46.7324 -0.481551 113.667
65.3394 -12.8824 137.417
47.201 -12.8824 143.275
47.201 -12.8824 82.3781
65.3394 -12.8824 97.244
65.3394 -12.8824 65.1091
65.3394 12.8824 79.9685
47.201 12.8824 140.036
47.201 12.8824 85.2463
24.5027 -1.70823 152.304
22.7968 -4.0158 145.558
25.6562 -4.24124 147.876
25.1822 -4.01343 150.213
24.0382 -0.168181 143.665
26.3825 2.21909 144.096
21.7931 3.83024 144.484
26.2468 -3.72527 144.43
26.6038 -2.19408 144.004
25.8405 3.9718 145.95
28.9409 4.09198 149.855
24.4629 3.5339 151.848
29.5637 0.568741 152.332
26.7855 2.18292 152.068
65.3394 12.8824 140.524
-46.818 -2.33141 7.14624
-46.8438 -37.4616 2.66474
-46.8443 37.4615 2.67318
-47.1177 -0.689435 10.8728
-46.8426 -37.4734 2.17337
-46.8446 37.4742 2.18098
64.7743 -8.10214 11.39
63.5003 16.5377 11.1367
58.1082 24.8831 13.7888
65.1963 -6.00892 20.347
58.8324 13.6853 40.4553
64.1678 -10.8572 55.7624
55.3439 11.687 64.7278
64.79 -12.5547 65.1224
52.1077 10.0279 88.9395
52.5167 -8.46583 112.34
48.9911 8.19682 112.325
-23.8303 9.28113 189.814
-36.4689 48.0442 132.212
-98.8239 -18.9722 148.05
-58.144 -14.0395 197.495
-0.67925 9.12073 164.409
-0.67925 9.12073 131.687
-80.4 -39.8182 131.968
56.2702 12.8824 50.4718
47.201 14.2924 31.7338
47.201 21.4386 31.7338
57.7575 37.4654 20.2721
49.9477 37.4689 20.2608
42.1378 37.4724 20.2494
42.1378 37.4724 0
47.201 -19.6521 31.7338
47.201 -10.7193 31.7338
47.201 -1.78655 31.7338
56.2702 -12.8824 169.73
65.3394 -4.29413 50.4718
65.3394 4.29413 50.4718
-0.8089 18.7825 147.882
-20.1996 39.8182 164.127
-7.90742 26.2004 163.687
-36.4689 48.0442 163.888
-0.66022 -9.00337 131.576
-92.8842 -26.0584 132.802
-64.1308 -48.0442 132.212
-80.4 -39.8182 164.127
-58.2705 -52.0167 148.05
47.201 4.29413 169.73
47.201 -4.29413 169.73
47.201 -4.29413 50.4718
47.201 4.29413 50.4718
56.2702 -12.8824 50.4718
-42.3338 52.0167 148.05
-58.2954 -13.2058 98.4774
-66.5167 0.09819 98.4774
-99.4066 8.9657 131.859
-92.3596 0.73547 178.607
-42.0762 -13.304 197.884
-34.2296 0.73547 197.495
-46.845 37.476 0
65.3394 4.29413 169.73
65.3394 -4.29413 169.73
56.2702 12.8824 169.73
42.1375 -37.4756 20.2504
42.1375 -37.4756 0
49.9469 -37.4752 20.2629
49.9469 -37.4752 0
57.7563 -37.4748 20.2753
57.7563 -37.4748 0
65.583 -37.476 0
-46.845 -37.476 0
-64.4986 -47.5707 165.019
-68.2857 -38.035 178.662
-84.7362 -38.5857 148.05
-90.2531 -33.3416 148.05
-72.7291 -47.2252 148.05
-69.4862 -37.5747 117.325
-8.89708 16.8382 120.123
-42.3407 13.8537 197.577
-99.452 9.11605 163.888
-92.4162 1.11817 117.447
-42.0015 -12.7077 98.148
-34.155 1.33176 98.5367
-57.3621 12.7617 98.1129
-10.2179 -19.6989 175.096
-66.2883 -1.05275 197.602
-58.3315 12.801 198.073
-102.362 -1.1424 148.071
-100.461 15.7218 148.071
-93.0029 -25.8333 163.071
-31.786 37.7285 178.852
-50.1705 44.6496 120.941
-8.07582 26.4996 132.67
31.5688 -3.58833 151.488
0.726095 -16.3921 147.861
1.33843 5.35371 1.5
1.33843 5.35371 0
-6.69214 10.7074 1.5
-6.69214 10.7074 0
-14.7227 16.0611 1.5
-14.7227 16.0611 0
-22.7533 21.4149 1.5
-22.7533 21.4149 0
-30.7839 26.7686 1.5
-30.7839 26.7686 0
-38.8144 32.1223 1.5
-38.8144 32.1223 0
17.3996 -5.35371 1.5
17.3996 -5.35371 0
25.4301 -10.7074 1.5
25.4301 -10.7074 0
33.4607 -16.0611 1.5
33.4607 -16.0611 0
41.4913 -21.4149 1.5
41.4913 -21.4149 0
49.5219 -26.7686 1.5
49.5219 -26.7686 0
57.5524 -32.1223 1.5
57.5524 -32.1223 0
1.33843 -5.35371 1.5
1.33843 -5.35371 0
-6.69214 -10.7074 1.5
-6.69214 -10.7074 0
-14.7227 -16.0611 1.5
-14.7227 -16.0611 0
-22.7533 -21.4149 1.5
-22.7533 -21.4149 0
-30.7839 -26.7686 1.5
-30.7839 -26.7686 0
-38.8144 -32.1223 1.5
-38.8144 -32.1223 0
65.583 37.476 0
17.3996 5.35371 1.5
17.3996 5.35371 0
25.4301 10.7074 1.5
25.4301 10.7074 0
33.4607 16.0611 1.5
33.4607 16.0611 0
41.4913 21.4149 1.5
41.4913 21.4149 0
49.5219 26.7686 1.5
49.5219 26.7686 0
57.5524 32.1223 1.5
57.5524 32.1223 0
18.7378 -37.476 1.5
18.7378 -37.476 0
28.1069 -37.476 1.5
28.1069 -37.476 0
37.4759 -37.476 1.5
37.4759 -37.476 0
46.8449 -37.476 1.5
46.8449 -37.476 0
56.214 -37.476 1.5
56.214 -37.476 0
-0.000166667 -37.476 1.5
-0.000166667 -37.476 0
-9.36913 -37.476 1.5
-9.36913 -37.476 0
-18.7381 -37.476 1.5
-18.7381 -37.476 0
-28.1071 -37.476 1.5
-28.1071 -37.476 0
-37.476 -37.476 1.5
-37.476 -37.476 0
9.369 0 0
9.36885 -28.107 1.5
9.36885 -28.107 0
9.3689 -18.738 1.5
9.3689 -18.738 0
9.36895 -9.369 1.5
9.36895 -9.369 0
65.583 -4.90462 1.5
65.583 -4.90462 0
65.583 -13.0475 1.5
65.583 -13.0475 0
65.583 -21.1903 1.5
65.583 -21.1903 0
65.583 -29.3332 1.5
65.583 -29.3332 0
65.583 11.7977 1.5
65.583 11.7977 0
65.583 20.3571 1.5
65.583 20.3571 0
65.583 28.9166 1.5
65.583 28.9166 0
56.214 2.69853 1.5
56.214 2.69853 0
46.845 2.15882 1.5
46.845 2.15882 0
37.476 1.61912 1.5
37.476 1.61912 0
28.107 1.07941 1.5
28.107 1.07941 0
18.738 0.539705 1.5
18.738 0.539705 0
1.41583 37.476 1.5
1.41583 37.476 0
-8.23633 37.476 1.5
-8.23633 37.476 0
-17.8885 37.476 1.5
-17.8885 37.476 0
-27.5407 37.476 1.5
-27.5407 37.476 0
-37.1928 37.476 1.5
-37.1928 37.476 0
20.1538 37.476 1.5
20.1538 37.476 0
29.2397 37.476 1.5
29.2397 37.476 0
38.3255 37.476 1.5
38.3255 37.476 0
47.4113 37.476 1.5
47.4113 37.476 0
56.4972 37.476 1.5
56.4972 37.476 0
10.6433 28.107 1.5
10.6433 28.107 0
10.2185 18.738 1.5
10.2185 18.738 0
9.79375 9.369 1.5
9.79375 9.369 0
-46.845 3.02377 1.5
-46.845 3.02377 0
-46.845 11.6368 1.5
-46.845 11.6368 0
-46.845 20.2499 1.5
-46.845 20.2499 0
-46.845 28.8629 1.5
-46.845 28.8629 0
-46.845 -13.561 1.5
-46.845 -13.561 0
-46.845 -21.5326 1.5
-46.845 -21.5326 0
-46.845 -29.5043 1.5
-46.845 -29.5043 0
-37.476 -4.65774 1.5
-37.476 -4.65774 0
-28.107 -3.72619 1.5
-28.107 -3.72619 0
-18.738 -2.79465 1.5
-18.738 -2.79465 0
-9.369 -1.8631 1.5
-9.369 -1.8631 0
0 -0.931548 1.5
0 -0.931548 0
-46.845 -5.58929 0
0.505925 6.246 20.238
7.27034 12.492 20.238
14.0348 18.738 20.238
20.7992 24.984 20.238
20.7992 24.984 0
27.5636 31.23 20.238
-13.0229 6.246 20.238
-13.0229 6.246 0
-19.7873 12.492 20.238
-26.5517 18.738 20.238
-33.3162 24.984 20.238
-40.0806 31.23 20.238
0.505925 -6.246 20.238
7.27034 -12.492 20.238
14.0348 -18.738 20.238
20.7992 -24.984 20.238
20.7992 -24.984 0
27.5636 -31.23 20.238
-13.0229 -6.246 20.238
-19.7873 -12.492 20.238
-26.5517 -18.738 20.238
-33.3162 -24.984 20.238
-40.0806 -31.23 20.238
-46.845 17.5505 20.238
-46.845 27.5132 20.238
-46.845 -1.42504 20.238
-46.845 -10.4378 20.238
-46.845 -19.4505 20.238
-46.845 -28.4633 20.238
-38.7277 6.07016 20.238
-30.6104 4.55262 20.238
-22.4931 3.03508 20.238
-14.3758 1.51754 20.238
0.12384 37.476 20.238
8.67488 37.476 20.238
17.2259 37.476 20.238
25.777 37.476 20.238
-18.0316 37.476 20.238
-27.6361 37.476 20.238
-37.2405 37.476 20.238
11.068 37.476 0
-7.88502 28.107 20.238
-7.88502 28.107 0
-7.34284 18.738 20.238
-7.34284 18.738 0
-6.80067 9.369 20.238
34.328 5.11653 20.238
34.328 13.2064 20.238
34.328 21.2963 20.238
34.328 29.3861 20.238
34.328 29.3861 0
34.328 -11.599 20.238
34.328 -20.2247 20.238
34.328 -28.8503 20.238
34.328 -28.8503 0
26.2107 -2.37867 20.238
18.0934 -1.784 20.238
9.97611 -1.18934 20.238
1.85881 -0.594668 20.238
-0.660416 -37.476 20.238
8.08669 -37.476 20.238
16.8338 -37.476 20.238
25.5809 -37.476 20.238
-18.7669 -37.476 20.238
-28.1263 -37.476 20.238
-37.4856 -37.476 20.238
9.3688 -37.476 0
-8.62026 -28.107 20.238
-8.62026 -28.107 0
-7.833 -18.738 20.238
-7.04575 -9.369 20.238
51.7356 -6.4412 169.73
60.8048 -6.4412 169.73
51.7356 6.4412 169.73
60.8048 6.4412 169.73
65.3394 0 115.445
56.2702 12.8824 114.928
65.5663 -13.5574 20.2864
65.5661 -21.5298 20.2868
65.566 -29.5021 20.2873
65.5667 3.02426 20.2854
65.5668 11.6336 20.2849
65.567 20.243 20.2845
65.5671 28.8524 20.284
65.583 3.23823 0
18.5099 -2.54522 152.238
30.4956 -0.871245 152.37
30.5574 -0.58577 143.671
18.4043 0.192699 143.659
19.5765 1.38633 143.875
16.265 3.91071 144.492
29.7276 3.71473 144.474
19.2226 -3.7786 144.441
31.5847 -3.68475 144.422
19.4011 -3.013 144.228
18.4759 3.65949 151.822
30.23 3.41292 151.872
65.3394 0 138.971
56.2702 12.8824 140.28
58.1082 24.8831 0
